SNP	CHR	BP	Reference Allele	Alternate Allele	Reference Allele Frequency CLLS	MAF CLLS	Rsq CLLS	Beta CLLS	SE CLLS	Pvalue CLLS	Reference Allele Frequency CARE	MAF CARE	Rsq CARE	Beta CARE	SE CARE	Pvalue CARE	Reference Allele Frequency ACRN	MAF ACRN	Rsq ACRN	Beta ACRN	SE ACRN	Pvalue ACRN	Combined P-value
chr8:18369015	8	18369015	G	A	0.93	0.07	0.59	-8.31	1.79	4.00E-06	0.92	0.08	0.67	-1.68	2	2.00E-01	0.91	0.09	0.75	-3.16	1.91	5.00E-02	8.90E-07
rs298566	5	17351004	C	T	0.34	0.34	0.91	3.97	0.8	8.40E-07	0.31	0.31	0.96	-0.02	0.88	5.10E-01	0.32	0.32	0.97	-0.13	0.99	5.50E-01	2.10E-06
chr8:107404520	8	107404520	A	G	0.76	0.24	0.98	3.8	0.85	9.40E-06	0.77	0.23	0.96	0.61	1.03	2.80E-01	0.77	0.23	0.99	2.08	1.14	3.50E-02	2.20E-06
rs2652653	5	17349431	A	G	0.34	0.34	0.91	3.97	0.8	8.60E-07	0.31	0.31	0.96	-0.02	0.88	5.10E-01	0.32	0.32	0.97	-0.15	0.99	5.60E-01	2.20E-06
rs298568	5	17346761	A	C	0.34	0.34	0.91	3.97	0.8	9.00E-07	0.31	0.31	0.95	-0.02	0.88	5.10E-01	0.32	0.32	0.97	-0.17	0.99	5.70E-01	2.40E-06
rs9297380	8	107403004	C	T	0.76	0.24	1	3.68	0.84	1.30E-05	0.76	0.24	0.96	0.79	1.02	2.20E-01	0.76	0.24	1	2.09	1.12	3.20E-02	2.70E-06
rs2345581	8	107403862	A	G	0.76	0.24	1	3.68	0.84	1.40E-05	0.76	0.24	0.96	0.79	1.02	2.20E-01	0.76	0.24	1	2.09	1.12	3.20E-02	2.80E-06
rs9283944	8	107403285	C	T	0.76	0.24	1	3.68	0.84	1.40E-05	0.76	0.24	0.96	0.79	1.02	2.20E-01	0.76	0.24	1	2.09	1.12	3.20E-02	2.80E-06
rs9297381	8	107403507	G	A	0.76	0.24	1	3.68	0.84	1.40E-05	0.76	0.24	0.96	0.79	1.02	2.20E-01	0.76	0.24	1	2.09	1.12	3.20E-02	2.80E-06
rs10105383	8	107404746	A	T	0.76	0.24	1	3.67	0.84	1.40E-05	0.76	0.24	0.96	0.79	1.02	2.20E-01	0.76	0.24	1	2.09	1.12	3.20E-02	2.90E-06
rs7874116	9	75003130	C	A	0.76	0.24	0.96	-3.77	0.86	1.30E-05	0.76	0.24	0.9	0.68	1.04	7.40E-01	0.77	0.23	0.94	-3.23	1.18	3.20E-03	3.70E-06
rs9774587	8	107406064	C	A	0.77	0.23	0.97	3.86	0.86	8.10E-06	0.78	0.22	0.93	0.4	1.12	3.60E-01	0.8	0.2	0.97	1.58	1.22	9.80E-02	3.80E-06
rs4452682	6	3360301	A	G	0.4	0.4	0.99	-2.99	0.74	5.60E-05	0.43	0.43	0.92	-1.71	0.9	2.90E-02	0.44	0.44	0.9	-2.05	0.97	1.80E-02	4.10E-06
rs7715410	5	66843666	C	A	0.62	0.38	0.98	3.75	0.75	6.60E-07	0.65	0.35	0.8	-0.36	0.92	6.50E-01	0.64	0.36	0.78	-0.81	1.03	7.80E-01	4.10E-06
rs295137	2	200858285	T	C	0.41	0.41	1	2.94	0.72	5.10E-05	0.41	0.41	0.89	2.5	0.84	1.60E-03	0.41	0.41	0.97	0.92	0.97	1.70E-01	4.60E-06
rs295142	2	200919961	G	A	0.41	0.41	0.98	3.11	0.74	2.80E-05	0.41	0.41	0.95	2.53	0.81	9.90E-04	0.39	0.39	1	0.07	0.95	4.70E-01	4.70E-06
rs1900706	2	200922316	C	A	0.41	0.41	0.98	3.1	0.74	2.90E-05	0.4	0.4	0.97	2.54	0.8	9.20E-04	0.39	0.39	1	0.07	0.95	4.70E-01	4.90E-06
rs11179902	12	72751799	C	A	0.89	0.11	0.92	-5.42	1.21	8.40E-06	0.89	0.11	0.89	-1.57	1.33	1.20E-01	0.88	0.12	0.92	-0.32	1.48	4.10E-01	5.50E-06
rs12824038	12	72748637	G	A	0.89	0.11	0.92	-5.42	1.21	8.40E-06	0.89	0.11	0.89	-1.57	1.33	1.20E-01	0.88	0.12	0.92	-0.32	1.48	4.10E-01	5.50E-06
rs16874388	8	107406116	T	C	0.76	0.24	1	3.66	0.84	1.50E-05	0.77	0.23	0.94	0.52	1.06	3.10E-01	0.78	0.22	0.99	1.69	1.16	7.40E-02	5.50E-06
chr3:25080552	3	25080552	C	T	0.85	0.15	0.99	-4.44	1.02	1.40E-05	0.85	0.15	0.96	-0.33	1.1	3.80E-01	0.86	0.14	0.98	-1.72	1.3	9.40E-02	6.70E-06
rs295139	2	200868233	A	T	0.42	0.42	0.99	2.96	0.73	4.90E-05	0.42	0.42	0.86	2.46	0.85	2.20E-03	0.42	0.42	0.97	0.56	0.98	2.90E-01	6.80E-06
rs10283328	8	107423034	G	A	0.75	0.25	0.96	3.52	0.85	3.70E-05	0.76	0.24	0.94	1.06	1.03	1.50E-01	0.75	0.25	0.95	2.02	1.13	3.70E-02	6.90E-06
rs6992673	8	107422489	G	A	0.75	0.25	0.96	3.53	0.85	3.70E-05	0.76	0.24	0.94	1.05	1.03	1.50E-01	0.76	0.24	0.95	2.02	1.14	3.90E-02	7.00E-06
rs10092617	8	107408317	A	G	0.76	0.24	1	3.61	0.84	2.00E-05	0.77	0.23	0.94	0.53	1.06	3.10E-01	0.78	0.22	0.99	1.69	1.16	7.40E-02	7.30E-06
rs4328902	4	25348267	T	C	0.27	0.27	0.99	-3.47	0.82	2.40E-05	0.27	0.27	0.65	-0.4	1.24	3.70E-01	0.26	0.26	0.66	-2.26	1.29	4.10E-02	7.80E-06
rs4382051	4	127221258	A	G	0.79	0.21	0.96	4.02	0.91	9.80E-06	0.78	0.22	0.92	0.47	1.04	3.20E-01	0.79	0.21	0.93	0.66	1.15	2.80E-01	8.00E-06
rs10940113	5	66850598	T	C	0.63	0.37	1	3.61	0.75	1.50E-06	0.66	0.34	0.91	-0.43	0.86	6.90E-01	0.65	0.35	0.9	-0.7	0.97	7.60E-01	8.90E-06
chr2:34482353	2	34482353	C	T	0.85	0.15	0.88	4.67	1.06	1.10E-05	0.86	0.14	0.68	1.49	1.48	1.60E-01	0.86	0.14	0.87	0.08	1.53	4.80E-01	9.20E-06
rs12509991	4	127216320	C	T	0.8	0.2	0.99	4.14	0.93	9.70E-06	0.8	0.2	0.94	0.28	1.07	4.00E-01	0.8	0.2	0.95	0.57	1.14	3.10E-01	9.70E-06
chr18:24507294	18	24507294	C	A	0.91	0.09	0.59	6.77	1.64	3.70E-05	0.91	0.09	0.53	0.81	1.87	3.30E-01	0.91	0.09	0.51	4.51	2.38	3.00E-02	9.80E-06
rs11179933	12	72815097	C	T	0.85	0.15	0.96	-4.39	1.03	2.30E-05	0.84	0.16	0.93	-1.21	1.15	1.50E-01	0.83	0.17	0.96	-0.98	1.2	2.10E-01	9.80E-06
rs2531988	16	3968418	G	T	0.84	0.16	0.94	3.1	1	2.00E-03	0.82	0.18	0.83	-1.23	1.19	8.50E-01	0.85	0.15	0.75	1	1.62	2.70E-01	3.20E-03
rs2041248	16	3972490	G	T	0.84	0.16	0.98	3.07	1	2.20E-03	0.83	0.17	0.89	-1.28	1.16	8.60E-01	0.86	0.14	0.87	0.83	1.53	2.90E-01	3.70E-03
rs933392	16	3972717	G	T	0.85	0.15	1	3.09	1	2.20E-03	0.84	0.16	0.94	-1.29	1.15	8.70E-01	0.86	0.14	0.93	0.71	1.52	3.20E-01	3.90E-03
rs2041247	16	3972582	C	T	0.84	0.16	0.99	3.05	1	2.30E-03	0.84	0.16	0.94	-1.29	1.14	8.70E-01	0.86	0.14	0.93	0.71	1.52	3.20E-01	4.20E-03
rs12922685	16	3968622	G	C	0.84	0.16	0.99	2.99	1	2.70E-03	0.84	0.16	0.92	-1.33	1.16	8.70E-01	0.86	0.14	0.85	0.72	1.59	3.30E-01	4.90E-03
rs2531989	16	3968146	A	G	0.84	0.16	0.98	2.98	1	2.90E-03	0.84	0.16	0.92	-1.34	1.17	8.70E-01	0.87	0.14	0.84	0.72	1.6	3.30E-01	5.10E-03
rs2531983	16	3973013	C	A	0.83	0.17	0.95	2.91	0.98	3.10E-03	0.83	0.17	0.84	-1.27	1.19	8.60E-01	0.85	0.15	0.87	0.5	1.53	3.70E-01	5.60E-03
rs2238439	16	3971349	G	A	0.78	0.22	0.99	2.52	0.88	4.20E-03	0.78	0.22	0.78	-1.13	1.12	8.40E-01	0.81	0.19	0.63	0.66	1.63	3.40E-01	6.90E-03
rs2601775	16	3968061	G	A	0.78	0.22	0.98	2.5	0.88	4.70E-03	0.79	0.22	0.77	-1.16	1.14	8.50E-01	0.81	0.19	0.59	0.66	1.69	3.50E-01	7.90E-03
rs2531986	16	3969578	C	T	0.82	0.18	0.97	2.61	0.96	6.40E-03	0.83	0.17	0.87	-1.24	1.18	8.50E-01	0.86	0.14	0.81	0.42	1.59	4.00E-01	1.10E-02
rs6929820	6	131923773	T	C	0.78	0.22	0.93	2.56	0.93	5.90E-03	0.82	0.18	0.76	0.87	1.31	2.50E-01	0.81	0.19	0.77	-2.1	1.45	9.30E-01	1.20E-02
chr16:3962639	16	3962639	T	C	0.84	0.16	0.95	2.76	1.02	7.00E-03	0.83	0.17	0.82	-1.55	1.24	8.90E-01	0.86	0.14	0.7	0.34	1.71	4.20E-01	1.40E-02
rs2781665	6	131934940	A	T	0.73	0.27	0.85	2.43	0.88	5.70E-03	0.73	0.27	0.59	-0.38	1.19	6.20E-01	0.72	0.28	0.6	-1.4	1.32	8.50E-01	1.40E-02
rs2781667	6	131936837	C	T	0.68	0.32	0.98	2.16	0.78	5.90E-03	0.69	0.31	0.69	-0.26	1.08	6.00E-01	0.69	0.31	0.68	-1.3	1.22	8.60E-01	1.40E-02
rs2531993	16	3954246	G	A	0.85	0.15	0.95	2.72	1.03	8.50E-03	0.81	0.19	0.69	-1.28	1.32	8.30E-01	0.85	0.15	0.53	0.19	1.89	4.60E-01	1.50E-02
rs2072346	16	3967424	T	C	0.82	0.18	0.99	2.44	0.94	9.60E-03	0.82	0.18	0.82	-1.24	1.21	8.50E-01	0.85	0.15	0.72	0.35	1.64	4.20E-01	1.60E-02
rs2608897	6	131935156	C	T	0.68	0.32	0.99	2.13	0.78	6.30E-03	0.69	0.31	0.69	-0.26	1.08	5.90E-01	0.69	0.31	0.68	-1.37	1.22	8.70E-01	1.60E-02
rs2781666	6	131935252	G	T	0.72	0.28	0.88	2.36	0.86	5.90E-03	0.72	0.28	0.59	-0.5	1.16	6.70E-01	0.71	0.29	0.61	-1.4	1.31	8.60E-01	1.60E-02
rs2781659	6	131933513	A	G	0.68	0.32	0.94	2.17	0.8	7.00E-03	0.69	0.31	0.68	-0.22	1.09	5.80E-01	0.69	0.31	0.68	-1.41	1.22	8.80E-01	1.70E-02
rs2781660	6	131933532	T	C	0.68	0.32	0.94	2.17	0.8	6.90E-03	0.69	0.31	0.68	-0.22	1.09	5.80E-01	0.69	0.31	0.68	-1.41	1.22	8.80E-01	1.70E-02
rs2781661	6	131933565	G	T	0.68	0.32	0.94	2.17	0.8	6.90E-03	0.69	0.31	0.68	-0.22	1.09	5.80E-01	0.69	0.31	0.68	-1.41	1.22	8.80E-01	1.70E-02
rs2781662	6	131933761	A	G	0.68	0.32	0.94	2.17	0.8	6.90E-03	0.69	0.31	0.68	-0.22	1.09	5.80E-01	0.69	0.31	0.68	-1.41	1.22	8.80E-01	1.70E-02
rs2781663	6	131934040	T	A	0.68	0.32	0.94	2.17	0.8	6.90E-03	0.69	0.31	0.68	-0.22	1.09	5.80E-01	0.69	0.31	0.68	-1.4	1.22	8.70E-01	1.70E-02
rs2749935	6	131931574	A	T	0.62	0.38	0.86	2.3	0.81	4.70E-03	0.63	0.37	0.78	-0.45	0.95	6.80E-01	0.63	0.37	0.78	-1.94	1.15	9.50E-01	1.80E-02
rs2238436	16	3965386	G	T	0.76	0.24	0.98	2.14	0.85	1.20E-02	0.76	0.24	0.72	-1.06	1.16	8.20E-01	0.8	0.2	0.51	0.26	1.75	4.40E-01	2.00E-02
rs2240735	16	3967606	T	C	0.76	0.24	0.99	2.14	0.85	1.20E-02	0.76	0.24	0.73	-1.05	1.16	8.20E-01	0.8	0.2	0.52	0.26	1.73	4.40E-01	2.00E-02
rs2531991	16	3963554	A	G	0.76	0.24	0.98	2.14	0.85	1.20E-02	0.76	0.24	0.72	-1.06	1.17	8.20E-01	0.8	0.2	0.51	0.25	1.75	4.40E-01	2.00E-02
rs2608898	6	131934119	C	G	0.68	0.32	0.94	2.11	0.81	8.80E-03	0.7	0.3	0.68	-0.24	1.09	5.90E-01	0.7	0.3	0.68	-1.45	1.23	8.80E-01	2.10E-02
rs2781651	6	131918636	A	G	0.78	0.22	0.96	2.27	0.9	1.20E-02	0.77	0.23	0.97	0.82	1.08	2.20E-01	0.78	0.22	1	-1.84	1.2	9.40E-01	2.20E-02
rs2781656	6	131924264	C	T	0.78	0.22	0.94	2.3	0.91	1.20E-02	0.78	0.22	0.93	0.85	1.1	2.20E-01	0.78	0.22	0.9	-1.85	1.26	9.30E-01	2.20E-02
rs2781664	6	131934669	T	C	0.73	0.27	0.84	2.31	0.88	8.60E-03	0.73	0.27	0.59	-0.49	1.17	6.60E-01	0.72	0.28	0.6	-1.55	1.33	8.80E-01	2.20E-02
rs28612296	6	131918282	G	A	0.78	0.22	0.96	2.27	0.9	1.20E-02	0.77	0.23	0.97	0.82	1.08	2.20E-01	0.78	0.22	1	-1.84	1.2	9.40E-01	2.20E-02
rs2608914	6	131912304	T	A	0.78	0.22	1	2.26	0.9	1.20E-02	0.78	0.22	0.97	0.78	1.08	2.40E-01	0.79	0.21	0.99	-1.99	1.22	9.50E-01	2.30E-02
rs2608918	6	131914585	C	T	0.78	0.22	1	2.26	0.9	1.20E-02	0.78	0.22	0.97	0.78	1.08	2.40E-01	0.79	0.21	0.99	-1.99	1.22	9.50E-01	2.30E-02
rs2531992	16	3961735	G	A	0.85	0.15	0.99	2.57	1.03	1.30E-02	0.83	0.17	0.75	-1.52	1.29	8.80E-01	0.85	0.15	0.57	0.19	1.84	4.60E-01	2.40E-02
rs710893	16	3954965	G	A	0.85	0.15	0.98	2.55	1.03	1.40E-02	0.83	0.17	0.74	-1.55	1.3	8.80E-01	0.85	0.15	0.56	0.15	1.87	4.70E-01	2.60E-02
rs2781646	6	131909912	A	G	0.78	0.22	0.98	2.27	0.91	1.30E-02	0.78	0.22	0.97	0.45	1.09	3.40E-01	0.79	0.21	0.99	-1.93	1.22	9.40E-01	2.70E-02
rs2781654	6	131922733	C	T	0.78	0.22	0.95	2.23	0.91	1.50E-02	0.8	0.2	0.83	0.8	1.23	2.60E-01	0.8	0.2	0.83	-2.03	1.35	9.30E-01	2.70E-02
rs2446213	6	131915724	T	C	0.78	0.22	0.97	2.2	0.9	1.50E-02	0.78	0.22	0.97	0.76	1.09	2.40E-01	0.78	0.22	1	-1.83	1.2	9.40E-01	2.80E-02
rs2608919	6	131915028	A	T	0.78	0.22	0.97	2.2	0.9	1.50E-02	0.78	0.22	0.97	0.76	1.09	2.40E-01	0.78	0.22	0.99	-1.84	1.2	9.40E-01	2.80E-02
rs2608920	6	131915396	T	C	0.78	0.22	0.97	2.2	0.9	1.50E-02	0.78	0.22	0.97	0.76	1.09	2.40E-01	0.78	0.22	0.99	-1.84	1.2	9.40E-01	2.80E-02
rs2608975	6	131920974	G	A	0.78	0.22	0.96	2.2	0.9	1.50E-02	0.78	0.22	0.97	0.77	1.09	2.40E-01	0.78	0.22	0.98	-1.83	1.21	9.30E-01	2.80E-02
rs2608976	6	131919868	T	C	0.78	0.22	0.96	2.2	0.9	1.50E-02	0.78	0.22	0.97	0.77	1.09	2.40E-01	0.78	0.22	0.98	-1.83	1.2	9.30E-01	2.80E-02
rs2608977	6	131919354	T	C	0.78	0.22	0.97	2.2	0.9	1.50E-02	0.78	0.22	0.97	0.77	1.09	2.40E-01	0.78	0.22	0.98	-1.83	1.2	9.30E-01	2.80E-02
rs2608981	6	131917990	T	G	0.78	0.22	0.97	2.2	0.9	1.50E-02	0.78	0.22	0.97	0.76	1.09	2.40E-01	0.78	0.22	0.99	-1.83	1.2	9.40E-01	2.80E-02
rs2608983	6	131917337	T	C	0.78	0.22	0.97	2.2	0.9	1.50E-02	0.78	0.22	0.97	0.76	1.09	2.40E-01	0.78	0.22	1	-1.83	1.2	9.40E-01	2.80E-02
rs2749929	6	131901507	T	C	0.79	0.22	0.98	2.27	0.91	1.20E-02	0.78	0.22	0.97	0.33	1.09	3.80E-01	0.79	0.21	0.99	-1.95	1.22	9.40E-01	2.80E-02
rs2749932	6	131917855	C	T	0.78	0.22	0.97	2.2	0.9	1.50E-02	0.78	0.22	0.97	0.76	1.09	2.40E-01	0.78	0.22	0.99	-1.83	1.2	9.40E-01	2.80E-02
rs2749933	6	131918926	C	T	0.78	0.22	0.97	2.2	0.9	1.50E-02	0.78	0.22	0.97	0.77	1.09	2.40E-01	0.78	0.22	0.99	-1.83	1.2	9.30E-01	2.80E-02
rs2781649	6	131918330	A	G	0.78	0.22	0.97	2.2	0.9	1.50E-02	0.78	0.22	0.97	0.76	1.09	2.40E-01	0.78	0.22	1	-1.83	1.2	9.40E-01	2.80E-02
rs2781650	6	131918414	A	G	0.78	0.22	0.97	2.2	0.9	1.50E-02	0.78	0.22	0.97	0.76	1.09	2.40E-01	0.78	0.22	1	-1.83	1.2	9.40E-01	2.80E-02
rs2781652	6	131918809	A	G	0.78	0.22	0.97	2.2	0.9	1.50E-02	0.78	0.22	0.97	0.76	1.09	2.40E-01	0.78	0.22	0.99	-1.82	1.2	9.40E-01	2.80E-02
rs9375818	6	131923771	G	A	0.82	0.18	0.79	2.57	1.08	1.80E-02	0.84	0.16	0.68	1.4	1.46	1.70E-01	0.84	0.16	0.7	-2.33	1.67	9.20E-01	2.80E-02
rs12533248	7	30685114	A	G	0.65	0.35	0.97	1.71	0.79	3.00E-02	0.63	0.37	0.95	-0.89	0.87	8.50E-01	0.62	0.38	0.97	1.31	1.01	9.80E-02	2.90E-02
rs2532022	16	4063421	G	A	0.75	0.25	1	-1.65	0.84	4.90E-02	0.75	0.25	0.97	-1.05	0.96	1.40E-01	0.73	0.27	0.99	-0.69	1.07	2.60E-01	2.90E-02
rs2608910	6	131910095	T	G	0.78	0.22	0.99	2.21	0.9	1.40E-02	0.78	0.22	0.97	0.48	1.09	3.30E-01	0.79	0.21	0.99	-1.93	1.22	9.40E-01	2.90E-02
rs2608912	6	131911476	T	C	0.79	0.21	1	2.19	0.9	1.50E-02	0.78	0.22	0.97	0.72	1.09	2.50E-01	0.79	0.21	1	-1.98	1.22	9.50E-01	2.90E-02
rs2608913	6	131911954	T	C	0.79	0.21	1	2.19	0.9	1.50E-02	0.78	0.22	0.97	0.72	1.09	2.50E-01	0.79	0.21	0.99	-1.98	1.22	9.50E-01	2.90E-02
rs2608915	6	131913007	A	G	0.79	0.21	1	2.19	0.9	1.50E-02	0.78	0.22	0.97	0.72	1.09	2.50E-01	0.79	0.21	0.99	-1.98	1.22	9.50E-01	2.90E-02
rs2608916	6	131913298	T	G	0.79	0.21	1	2.19	0.9	1.50E-02	0.78	0.22	0.97	0.72	1.09	2.50E-01	0.79	0.21	0.99	-1.98	1.22	9.50E-01	2.90E-02
rs2608917	6	131913649	A	G	0.79	0.21	1	2.19	0.9	1.50E-02	0.78	0.22	0.97	0.72	1.09	2.50E-01	0.79	0.21	0.99	-1.98	1.22	9.50E-01	2.90E-02
rs1076294	7	30686493	C	G	0.55	0.45	0.7	1.96	0.89	2.80E-02	0.54	0.46	0.72	-1.26	0.97	9.00E-01	0.53	0.47	0.72	1.49	1.14	9.60E-02	3.00E-02
rs2159296	16	4063324	G	A	0.75	0.25	1	-1.63	0.84	5.20E-02	0.75	0.25	0.97	-1.05	0.96	1.40E-01	0.73	0.27	0.99	-0.69	1.07	2.60E-01	3.00E-02
rs2532020	16	4064108	G	A	0.75	0.25	1	-1.63	0.84	5.20E-02	0.75	0.25	0.97	-1.05	0.96	1.40E-01	0.73	0.27	0.99	-0.68	1.07	2.60E-01	3.00E-02
rs2608909	6	131909963	A	G	0.78	0.22	0.99	2.21	0.9	1.40E-02	0.78	0.22	0.97	0.46	1.09	3.40E-01	0.79	0.21	0.99	-1.93	1.22	9.40E-01	3.00E-02
rs2608921	6	131915428	C	T	0.78	0.22	0.97	2.17	0.9	1.60E-02	0.78	0.22	0.97	0.75	1.09	2.40E-01	0.78	0.22	0.99	-1.82	1.2	9.30E-01	3.00E-02
rs2781647	6	131910565	G	A	0.78	0.22	1	2.2	0.9	1.40E-02	0.78	0.22	0.97	0.49	1.09	3.20E-01	0.79	0.21	0.99	-1.94	1.22	9.40E-01	3.00E-02
rs1076291	7	30679120	G	A	0.65	0.35	0.99	1.67	0.78	3.30E-02	0.63	0.37	0.95	-0.7	0.89	7.80E-01	0.63	0.38	0.98	1.11	1	1.30E-01	3.10E-02
rs1076292	7	30679226	G	C	0.65	0.35	0.99	1.67	0.78	3.30E-02	0.63	0.37	0.95	-0.7	0.89	7.80E-01	0.63	0.37	0.98	1.11	1	1.30E-01	3.10E-02
rs2251002	7	30679369	C	G	0.65	0.35	0.99	1.67	0.78	3.30E-02	0.63	0.37	0.95	-0.7	0.89	7.80E-01	0.63	0.37	0.98	1.11	1	1.30E-01	3.10E-02
rs2532019	16	4064301	T	G	0.75	0.25	1	-1.62	0.84	5.30E-02	0.75	0.25	0.97	-1.05	0.96	1.40E-01	0.73	0.27	0.99	-0.66	1.06	2.70E-01	3.10E-02
rs2601813	16	4064338	C	G	0.75	0.25	1	-1.62	0.84	5.30E-02	0.75	0.25	0.97	-1.05	0.96	1.40E-01	0.73	0.27	0.99	-0.65	1.06	2.70E-01	3.10E-02
rs6500578	16	4064591	T	C	0.75	0.25	1	-1.62	0.84	5.30E-02	0.75	0.25	0.97	-1.05	0.96	1.40E-01	0.73	0.27	0.99	-0.65	1.06	2.70E-01	3.10E-02
rs9935335	16	3963029	T	A	0.81	0.19	0.97	2.24	0.95	1.80E-02	0.81	0.19	0.78	-1.35	1.24	8.60E-01	0.84	0.16	0.67	-0.03	1.67	5.10E-01	3.30E-02
rs2781640	6	131886060	G	A	0.78	0.22	0.95	2.2	0.9	1.40E-02	0.79	0.21	0.87	0.35	1.18	3.80E-01	0.81	0.19	0.89	-2.46	1.33	9.70E-01	3.60E-02
rs2608982	6	131917893	G	T	0.82	0.18	0.79	2.44	1.09	2.50E-02	0.8	0.2	0.85	1.13	1.2	1.70E-01	0.8	0.2	0.87	-1.82	1.36	9.10E-01	3.70E-02
rs2267715	7	30682612	A	G	0.63	0.37	1	1.54	0.77	4.70E-02	0.61	0.39	0.96	-0.82	0.86	8.30E-01	0.6	0.4	0.99	1.33	0.99	9.00E-02	4.20E-02
rs2284218	7	30680858	T	C	0.63	0.37	1	1.53	0.77	4.70E-02	0.61	0.39	0.93	-0.85	0.87	8.30E-01	0.59	0.41	0.95	1.35	1.01	9.10E-02	4.30E-02
rs2284219	7	30680961	G	A	0.63	0.37	1	1.53	0.77	4.70E-02	0.61	0.39	0.96	-0.82	0.86	8.30E-01	0.6	0.4	0.98	1.34	0.99	8.90E-02	4.30E-02
rs733453	7	30681298	A	G	0.63	0.37	1	1.54	0.77	4.70E-02	0.61	0.39	0.93	-0.85	0.87	8.30E-01	0.59	0.41	0.95	1.34	1.01	9.20E-02	4.30E-02
rs255097	7	30693484	A	G	0.63	0.37	0.92	1.6	0.8	4.70E-02	0.61	0.39	0.9	-0.86	0.89	8.30E-01	0.6	0.4	0.88	1.35	1.05	1.00E-01	4.40E-02
rs255098	7	30693852	A	G	0.63	0.37	0.89	1.61	0.82	4.80E-02	0.61	0.39	0.88	-0.87	0.9	8.30E-01	0.6	0.4	0.87	1.36	1.06	1.00E-01	4.50E-02
rs255099	7	30694528	A	G	0.63	0.37	0.86	1.63	0.83	5.00E-02	0.61	0.39	0.86	-0.89	0.91	8.40E-01	0.6	0.4	0.86	1.37	1.07	1.00E-01	4.70E-02
rs12325363	16	4055029	G	A	0.86	0.14	0.97	-2	1.07	6.10E-02	0.85	0.15	0.93	0.59	1.27	6.80E-01	0.84	0.16	0.97	-1.67	1.32	1.00E-01	4.80E-02
rs2230742	16	3956677	G	A	0.83	0.17	0.88	2.2	1.02	3.10E-02	0.81	0.19	0.71	-1.41	1.28	8.60E-01	0.84	0.17	0.51	0.48	1.85	4.00E-01	4.80E-02
rs255100	7	30695433	T	A	0.63	0.37	0.84	1.65	0.84	5.10E-02	0.61	0.39	0.82	-0.93	0.93	8.40E-01	0.6	0.4	0.82	1.39	1.1	1.00E-01	4.80E-02