SNP	CHR	BP	Minor Allele CLLS	Major Allele CLLS	MAF CLLS	Beta CLLS	SE CLLS	P-value CLLS	Reference Allele CARE	MAF CARE	RSQ CARE	BETA CARE	SE CARE	P-value CARE	Reference Allele ACRN	MAF ACRN	RSQ ACRN	BETA ACRN	SE ACRN	P-value ACRN	Combined P-value	Minor Allele SARP	MAF SARP	Beta SARP	P-value SARP
rs4452682	6	3360301	A	G	0.4	-3	0.74	4.80E-05	A	0.44	0.89	-1.84	0.9	2.10E-02	A	0.46	0.79	-2.17	1.03	1.80E-02	3.20E-06	A	0.5	-0.18	0.43
rs295137	2	200858285	T	C	0.41	2.95	0.72	4.90E-05	C	0.41	0.95	-2.55	0.82	1.10E-03	C	0.41	0.97	-1.13	0.98	1.20E-01	3.40E-06	T	0.41	1.69	0.044
rs295114	2	200903847	T	C	0.43	3.01	0.73	3.50E-05	C	0.42	0.96	-2.43	0.81	1.50E-03	C	0.42	0.99	-0.19	0.96	4.20E-01	6.00E-06	T	0.43	1.68	0.043
rs10940113	5	66850598	C	T	0.37	-3.66	0.74	1.00E-06	C	0.34	0.9	0.54	0.88	7.30E-01	C	0.35	0.91	0.59	0.98	7.20E-01	6.10E-06	C	0.37	-0.93	0.16
rs4328902	4	25348267	T	C	0.27	-3.48	0.82	2.20E-05	C	0.27	0.73	0.34	1.16	3.80E-01	C	0.26	0.78	2.35	1.2	2.60E-02	6.10E-06	T	0.34	1.37	0.91
rs2178806	6	167138752	T	C	0.15	4.39	1.01	1.50E-05	C	0.12	0.89	0.96	1.26	7.80E-01	C	0.15	0.95	-2.46	1.34	3.40E-02	1.00E-05	T	0.18	0.92	0.25
rs12306576	12	72808323	G	A	0.12	4.74	1.1	1.80E-05	A	0.13	0.97	-1.12	1.23	1.80E-01	A	0.14	1	-0.45	1.38	3.70E-01	1.30E-05	G	0.12	-0.62	0.66
rs10518485	4	127216424	T	C	0.21	-3.93	0.9	1.50E-05	C	0.21	0.95	0.36	1.03	3.60E-01	C	0.21	0.97	0.56	1.13	3.10E-01	1.40E-05	T	0.2	-1.42	0.1
rs4976079	5	66842798	T	C	0.49	-3.26	0.73	7.90E-06	C	0.47	0.76	-0.12	0.94	5.50E-01	C	0.46	0.81	0.1	1.02	4.60E-01	1.50E-05	T	0.48	-1.28	0.081
rs12682157	8	107400829	G	A	0.22	-3.53	0.87	5.40E-05	A	0.21	0.96	0.25	1.05	4.10E-01	A	0.22	1	2.1	1.13	3.30E-02	1.70E-05	G	0.23	-1.38	0.12
rs4581121	9	75000213	C	T	0.25	3.35	0.82	5.00E-05	C	0.26	0.96	-0.54	1	7.00E-01	C	0.24	1	2.71	1.12	8.20E-03	1.80E-05	C	0.22	-0.07	0.53
rs7305291	12	72731874	T	C	0.12	4.68	1.11	2.50E-05	C	0.13	0.97	-1.12	1.23	1.80E-01	C	0.14	1	-0.45	1.38	3.70E-01	1.80E-05	T	0.12	-0.5	0.63
rs7958129	12	29989110	T	G	0.23	-3.34	0.87	1.20E-04	G	0.18	0.8	1.96	1.22	5.50E-02	G	0.19	0.83	2.08	1.31	5.70E-02	1.80E-05	T	0.21	0.22	0.58
rs17535206	6	147132767	G	T	0.06	6.22	1.58	8.80E-05	G	0.07	0.95	3.33	1.69	2.50E-02	G	0.06	1	1.5	1.95	2.20E-01	2.00E-05	G	0.1	-1.44	0.75
rs11179922	12	72791798	C	T	0.11	5.15	1.19	1.60E-05	C	0.1	0.98	0.37	1.31	3.90E-01	C	0.12	1	0.3	1.44	4.20E-01	2.10E-05	C	0.08	-0.76	0.68
rs6061043	20	29990726	C	T	0.43	3.06	0.71	1.90E-05	C	0.41	0.95	-0.61	0.82	7.70E-01	C	0.41	0.99	1.08	0.94	1.30E-01	2.20E-05	C	0.48	0.3	0.38
rs7013315	8	107396076	G	A	0.22	-3.46	0.87	7.20E-05	A	0.21	0.96	0.25	1.05	4.10E-01	A	0.22	1	2.1	1.13	3.30E-02	2.30E-05	G	0.23	-1.39	0.11
rs10211073	2	113173520	G	A	0.49	-2.97	0.71	3.40E-05	A	0.48	0.95	0.31	0.8	3.50E-01	A	0.5	0.99	0.69	0.93	2.30E-01	2.50E-05	G	0.47	-0.46	0.31
rs11179933	12	72815097	T	C	0.17	3.92	0.98	7.30E-05	C	0.18	0.97	-0.94	1.07	1.90E-01	C	0.19	1	-1.34	1.11	1.10E-01	2.50E-05	T	0.15	-0.93	0.76
rs1320269	4	127192494	G	T	0.2	-3.85	0.91	2.70E-05	G	0.21	0.95	-0.22	1.05	4.20E-01	G	0.2	0.99	-0.59	1.12	3.00E-01	2.60E-05	G	0.19	-1.54	0.09
rs1889318	9	118882872	C	T	0.42	2.66	0.73	3.00E-04	C	0.4	0.96	2.02	0.86	9.80E-03	C	0.39	1	1.57	1.04	6.60E-02	3.20E-05	C	0.41	-0.79	0.8
rs4976096	5	66947989	T	C	0.26	-3.83	0.83	4.60E-06	C	0.24	0.96	-0.02	0.99	5.10E-01	C	0.24	1	-1.69	1.1	9.40E-01	3.40E-05	T	0.26	-1.26	0.11
rs2367910	7	81623979	A	C	0.12	4.53	1.12	6.10E-05	A	0.12	0.97	1.15	1.31	1.90E-01	A	0.1	1	0.92	1.46	2.70E-01	3.40E-05	A	0.1	-1.04	0.77
rs6534528	4	127187429	G	A	0.2	-3.77	0.92	4.20E-05	A	0.21	0.95	0.23	1.05	4.20E-01	A	0.2	0.99	0.66	1.12	2.80E-01	3.90E-05	G	0.2	-1.73	0.06
rs17531061	2	200821697	C	A	0.28	3.08	0.81	1.50E-04	A	0.26	0.95	-2.38	0.93	5.50E-03	A	0.26	0.98	-0.15	1.1	4.50E-01	3.90E-05	C	0.28	2.43	0.015
rs12496948	3	26660543	A	G	0.24	-3.31	0.84	8.40E-05	A	0.24	0.91	-0.82	0.97	2.00E-01	A	0.25	0.96	-0.93	1.1	2.00E-01	4.00E-05	A	0.23	-1.6	0.067
rs1857922	11	131025578	T	C	0.36	-3.41	0.75	6.90E-06	C	0.37	0.96	0.13	0.88	4.40E-01	C	0.37	1	-1.38	0.95	9.30E-01	4.00E-05	T	0.36	-0.28	0.39
rs1334086	9	118890634	A	G	0.44	2.41	0.72	8.60E-04	A	0.42	0.96	2.46	0.88	2.70E-03	A	0.41	0.99	2.43	1.07	1.20E-02	4.20E-05	A	0.44	-1.53	0.95
rs17010666	4	127226033	C	A	0.2	-3.72	0.92	5.40E-05	A	0.22	0.96	0.55	1.01	2.90E-01	A	0.21	0.98	0.57	1.14	3.10E-01	4.20E-05	C	0.21	-1.25	0.13
rs17590608	6	167106014	C	T	0.26	3.24	0.82	9.00E-05	C	0.24	0.78	0.41	1.02	3.40E-01	C	0.26	0.78	1.53	1.22	1.10E-01	4.30E-05	C	0.29	0.4	0.36
rs11252394	10	4230870	A	G	0.08	6.01	1.42	2.30E-05	A	0.08	0.96	0.21	1.4	4.40E-01	A	0.07	0.98	-0.35	1.97	5.70E-01	4.30E-05	-	-	-	-
rs10781126	9	74982121	A	G	0.31	3.33	0.78	2.30E-05	A	0.3	0.82	-0.27	0.97	6.10E-01	A	0.3	0.91	0.19	1.15	4.30E-01	4.40E-05	A	0.25	-0.02	0.51
rs4775229	15	58081006	C	A	0.11	4.64	1.16	6.90E-05	A	0.12	0.95	-1.28	1.4	1.80E-01	A	0.08	0.98	-0.7	1.78	3.50E-01	4.50E-05	C	0.11	0.59	0.33
rs11564299	18	24014026	G	A	0.23	3.44	0.9	1.40E-04	A	0.22	0.86	-3.26	1.15	2.50E-03	A	0.19	0.83	0.56	1.31	6.70E-01	4.80E-05	G	0.25	0.8	0.24
rs1348879	11	35550461	A	G	0.16	3.96	0.98	5.20E-05	A	0.17	0.96	-0.48	1.12	6.70E-01	A	0.16	1	1.5	1.35	1.30E-01	4.90E-05	A	0.2	1.78	0.073
rs7685518	4	127261004	G	A	0.23	-3.31	0.86	1.30E-04	A	0.24	0.96	1.25	0.98	1.00E-01	A	0.24	0.99	0.89	1.13	2.20E-01	4.90E-05	G	0.22	-0.05	0.48
rs7598349	2	200955724	G	A	0.46	2.58	0.73	4.30E-04	A	0.44	0.87	-2.04	0.86	9.40E-03	A	0.46	0.95	-1.32	0.94	8.20E-02	5.10E-05	G	0.44	0.79	0.21
rs2242930	21	39322828	A	G	0.28	3.29	0.8	4.40E-05	A	0.27	0.96	-0.01	0.94	5.10E-01	A	0.31	0.99	0.47	0.95	3.10E-01	5.20E-05	A	0.26	0.97	0.18
rs6661901	1	48968647	G	A	0.15	4.08	1.02	6.30E-05	A	0.14	0.95	-0.65	1.29	3.10E-01	A	0.16	0.99	-0.6	1.36	3.30E-01	5.30E-05	G	0.16	0.22	0.43
rs7667104	4	127252636	G	A	0.23	-3.29	0.86	1.40E-04	A	0.25	0.96	1.19	0.98	1.10E-01	A	0.24	0.99	0.86	1.13	2.20E-01	5.80E-05	G	0.23	-0.03	0.49
rs7644264	3	82094370	T	C	0.13	-4.2	1.07	9.10E-05	C	0.14	0.93	0.46	1.19	3.50E-01	C	0.15	0.96	1.15	1.35	2.00E-01	6.00E-05	T	0.14	-0.29	0.41
rs7677190	4	127255830	G	T	0.23	-3.26	0.87	1.70E-04	G	0.24	0.96	-1.25	0.98	1.00E-01	G	0.24	0.99	-0.88	1.13	2.20E-01	6.60E-05	G	0.21	0.05	0.52
rs7730346	5	177306131	T	G	0.1	4.64	1.22	1.50E-04	G	0.06	0.62	-4.5	2.27	2.40E-02	G	0.1	0.97	0.15	1.56	5.40E-01	7.00E-05	T	0.07	-1.95	0.88
rs4958980	5	177290570	A	G	0.1	4.64	1.22	1.50E-04	A	0.06	0.56	4.52	2.4	3.10E-02	A	0.1	0.95	-0.15	1.59	5.40E-01	7.50E-05	-	-	-	-
rs159320	2	200896020	G	A	0.46	2.51	0.72	5.20E-04	A	0.46	0.96	-2.4	0.8	1.50E-03	A	0.44	1	-0.59	0.96	2.70E-01	7.70E-05	G	0.43	0.99	0.15
rs6414806	5	66856030	T	C	0.47	-2.97	0.72	3.70E-05	C	0.47	0.89	-0.19	0.88	5.90E-01	C	0.46	0.93	-0.11	0.97	5.50E-01	8.10E-05	T	0.44	-1.15	0.1
rs565659	4	127285342	C	A	0.27	-3.1	0.84	2.10E-04	A	0.28	0.97	1.98	0.93	1.80E-02	A	0.29	0.99	0.08	1.07	4.70E-01	8.10E-05	C	0.24	0.19	0.57
rs11083252	18	23980721	A	G	0.23	3.34	0.9	2.10E-04	A	0.24	0.96	3.12	1.04	1.50E-03	A	0.22	0.9	-0.85	1.2	7.60E-01	8.20E-05	A	0.27	0.68	0.27
rs9838009	3	59240355	T	G	0.14	3.91	1.01	1.20E-04	G	0.16	0.96	-1.79	1.15	6.00E-02	G	0.15	0.89	0.37	1.39	6.00E-01	8.40E-05	T	0.13	-1.28	0.85
rs7754623	6	167135374	A	C	0.13	3.93	1.05	1.80E-04	A	0.11	0.93	-1.03	1.32	7.80E-01	A	0.13	0.97	3.13	1.38	1.20E-02	8.80E-05	A	0.14	1.68	0.13
rs10097529	8	133773894	A	C	0.14	-3.92	1.05	1.80E-04	A	0.14	0.98	-0.96	1.38	2.40E-01	A	0.14	1	-1.35	1.39	1.70E-01	8.80E-05	A	0.09	0.5	0.63
rs1586150	4	127294208	T	C	0.23	-3.2	0.87	2.40E-04	C	0.24	0.96	1.24	0.99	1.10E-01	C	0.24	0.99	0.92	1.12	2.10E-01	9.10E-05	T	0.21	0.11	0.54
rs4146626	12	92885658	G	A	0.37	3.13	0.75	3.30E-05	A	0.41	0.95	0.46	0.86	7.00E-01	A	0.38	0.98	0.17	0.95	5.70E-01	9.60E-05	G	0.38	1.03	0.14
rs2811686	6	134411117	G	T	0.23	3.27	0.86	1.50E-04	G	0.24	0.95	-0.01	0.97	5.00E-01	G	0.24	0.95	1.39	1.15	1.10E-01	9.80E-05	G	0.31	0.03	0.49
rs2826840	21	21731948	G	A	0.15	-4.25	1.04	4.80E-05	A	0.17	0.85	-1.11	1.25	8.10E-01	A	0.14	0.89	0.76	1.48	3.00E-01	1.00E-04	G	0.16	1.22	0.83